	391.952	488.506
	516.981	798.298
	355.628	235.084
	238.555	299.451
	537.780	559.093
	733.775	1133.249
	198.832	348.744
	252.624	417.779
	206.204	344.522
	231.177	323.084
	449.755	620.752
	288.571	423.305
	185.736	202.614
       1164.388	1531.527
	444.581	553.479
	412.871	685.975
	272.280	324.241
	781.796	983.240
       1209.225	1762.015
	825.512	960.308
	223.748	284.611
	354.843	407.760
	515.523	982.663
	220.465	557.000
	337.672	440.923
	197.120	268.060
	133.239	262.048
	374.009	432.502
	273.844	338.355
	570.364	704.322
	391.286	585.681
	201.860	267.781
	321.626	408.343
	838.902	1165.567


